376 504
2 64 64
1 64

0 2 1 63 127 376 XOR
1 2 1 62 126 375 XOR
2 2 1 61 125 374 XOR
3 2 1 60 124 373 XOR
4 2 1 59 123 372 XOR
5 2 1 58 122 371 XOR
6 2 1 57 121 370 XOR
7 2 1 56 120 369 XOR
8 2 1 55 119 368 XOR
9 2 1 54 118 367 XOR
10 2 1 53 117 366 XOR
11 2 1 52 116 365 XOR
12 2 1 51 115 364 XOR
13 2 1 50 114 363 XOR
14 2 1 49 113 362 XOR
15 2 1 48 112 361 XOR
16 2 1 47 111 360 XOR
17 2 1 46 110 359 XOR
18 2 1 45 109 358 XOR
19 2 1 44 108 357 XOR
20 2 1 43 107 356 XOR
21 2 1 42 106 355 XOR
22 2 1 41 105 354 XOR
23 2 1 40 104 353 XOR
24 2 1 39 103 352 XOR
25 2 1 38 102 351 XOR
26 2 1 37 101 350 XOR
27 2 1 36 100 349 XOR
28 2 1 35 99 348 XOR
29 2 1 34 98 347 XOR
30 2 1 33 97 346 XOR
31 2 1 32 96 345 XOR
32 2 1 31 95 344 XOR
33 2 1 30 94 343 XOR
34 2 1 29 93 342 XOR
35 2 1 28 92 341 XOR
36 2 1 27 91 340 XOR
37 2 1 26 90 339 XOR
38 2 1 25 89 338 XOR
39 2 1 24 88 337 XOR
40 2 1 23 87 336 XOR
41 2 1 22 86 335 XOR
42 2 1 21 85 334 XOR
43 2 1 20 84 333 XOR
44 2 1 19 83 332 XOR
45 2 1 18 82 331 XOR
46 2 1 17 81 330 XOR
47 2 1 16 80 329 XOR
48 2 1 15 79 328 XOR
49 2 1 14 78 327 XOR
50 2 1 13 77 326 XOR
51 2 1 12 76 325 XOR
52 2 1 11 75 324 XOR
53 2 1 10 74 323 XOR
54 2 1 9 73 322 XOR
55 2 1 8 72 321 XOR
56 2 1 7 71 320 XOR
57 2 1 6 70 319 XOR
58 2 1 5 69 318 XOR
59 2 1 4 68 317 XOR
60 2 1 3 67 316 XOR
61 2 1 2 66 315 XOR
62 2 1 1 65 314 XOR
63 2 1 0 64 440 XOR
64 2 1 0 64 377 AND
65 2 1 65 377 129 XOR
66 2 1 1 377 128 XOR
67 2 1 128 129 130 AND
68 2 1 130 377 378 XOR
69 2 1 66 378 132 XOR
70 2 1 2 378 131 XOR
71 2 1 131 132 133 AND
72 2 1 133 378 379 XOR
73 2 1 67 379 135 XOR
74 2 1 3 379 134 XOR
75 2 1 134 135 136 AND
76 2 1 136 379 380 XOR
77 2 1 68 380 138 XOR
78 2 1 4 380 137 XOR
79 2 1 137 138 139 AND
80 2 1 139 380 381 XOR
81 2 1 69 381 141 XOR
82 2 1 5 381 140 XOR
83 2 1 140 141 142 AND
84 2 1 142 381 382 XOR
85 2 1 70 382 144 XOR
86 2 1 6 382 143 XOR
87 2 1 143 144 145 AND
88 2 1 145 382 383 XOR
89 2 1 71 383 147 XOR
90 2 1 7 383 146 XOR
91 2 1 146 147 148 AND
92 2 1 148 383 384 XOR
93 2 1 72 384 150 XOR
94 2 1 8 384 149 XOR
95 2 1 149 150 151 AND
96 2 1 151 384 385 XOR
97 2 1 73 385 153 XOR
98 2 1 9 385 152 XOR
99 2 1 152 153 154 AND
100 2 1 154 385 386 XOR
101 2 1 74 386 156 XOR
102 2 1 10 386 155 XOR
103 2 1 155 156 157 AND
104 2 1 157 386 387 XOR
105 2 1 75 387 159 XOR
106 2 1 11 387 158 XOR
107 2 1 158 159 160 AND
108 2 1 160 387 388 XOR
109 2 1 76 388 162 XOR
110 2 1 12 388 161 XOR
111 2 1 161 162 163 AND
112 2 1 163 388 389 XOR
113 2 1 77 389 165 XOR
114 2 1 13 389 164 XOR
115 2 1 164 165 166 AND
116 2 1 166 389 390 XOR
117 2 1 78 390 168 XOR
118 2 1 14 390 167 XOR
119 2 1 167 168 169 AND
120 2 1 169 390 391 XOR
121 2 1 79 391 171 XOR
122 2 1 15 391 170 XOR
123 2 1 170 171 172 AND
124 2 1 172 391 392 XOR
125 2 1 80 392 174 XOR
126 2 1 16 392 173 XOR
127 2 1 173 174 175 AND
128 2 1 175 392 393 XOR
129 2 1 81 393 177 XOR
130 2 1 17 393 176 XOR
131 2 1 176 177 178 AND
132 2 1 178 393 394 XOR
133 2 1 82 394 180 XOR
134 2 1 18 394 179 XOR
135 2 1 179 180 181 AND
136 2 1 181 394 395 XOR
137 2 1 83 395 183 XOR
138 2 1 19 395 182 XOR
139 2 1 182 183 184 AND
140 2 1 184 395 396 XOR
141 2 1 84 396 186 XOR
142 2 1 20 396 185 XOR
143 2 1 185 186 187 AND
144 2 1 187 396 397 XOR
145 2 1 85 397 189 XOR
146 2 1 21 397 188 XOR
147 2 1 188 189 190 AND
148 2 1 190 397 398 XOR
149 2 1 86 398 192 XOR
150 2 1 22 398 191 XOR
151 2 1 191 192 193 AND
152 2 1 193 398 399 XOR
153 2 1 87 399 195 XOR
154 2 1 23 399 194 XOR
155 2 1 194 195 196 AND
156 2 1 196 399 400 XOR
157 2 1 88 400 198 XOR
158 2 1 24 400 197 XOR
159 2 1 197 198 199 AND
160 2 1 199 400 401 XOR
161 2 1 89 401 201 XOR
162 2 1 25 401 200 XOR
163 2 1 200 201 202 AND
164 2 1 202 401 402 XOR
165 2 1 90 402 204 XOR
166 2 1 26 402 203 XOR
167 2 1 203 204 205 AND
168 2 1 205 402 403 XOR
169 2 1 91 403 207 XOR
170 2 1 27 403 206 XOR
171 2 1 206 207 208 AND
172 2 1 208 403 404 XOR
173 2 1 341 404 468 XOR
174 2 1 92 404 210 XOR
175 2 1 28 404 209 XOR
176 2 1 209 210 211 AND
177 2 1 211 404 405 XOR
178 2 1 342 405 469 XOR
179 2 1 340 403 467 XOR
180 2 1 93 405 213 XOR
181 2 1 29 405 212 XOR
182 2 1 212 213 214 AND
183 2 1 214 405 406 XOR
184 2 1 343 406 470 XOR
185 2 1 339 402 466 XOR
186 2 1 94 406 216 XOR
187 2 1 30 406 215 XOR
188 2 1 215 216 217 AND
189 2 1 217 406 407 XOR
190 2 1 338 401 465 XOR
191 2 1 31 407 218 XOR
192 2 1 344 407 471 XOR
193 2 1 337 400 464 XOR
194 2 1 95 407 219 XOR
195 2 1 218 219 220 AND
196 2 1 220 407 408 XOR
197 2 1 345 408 472 XOR
198 2 1 336 399 463 XOR
199 2 1 96 408 222 XOR
200 2 1 32 408 221 XOR
201 2 1 221 222 223 AND
202 2 1 223 408 409 XOR
203 2 1 346 409 473 XOR
204 2 1 335 398 462 XOR
205 2 1 97 409 225 XOR
206 2 1 33 409 224 XOR
207 2 1 224 225 226 AND
208 2 1 226 409 410 XOR
209 2 1 347 410 474 XOR
210 2 1 334 397 461 XOR
211 2 1 98 410 228 XOR
212 2 1 34 410 227 XOR
213 2 1 227 228 229 AND
214 2 1 229 410 411 XOR
215 2 1 333 396 460 XOR
216 2 1 35 411 230 XOR
217 2 1 348 411 475 XOR
218 2 1 332 395 459 XOR
219 2 1 99 411 231 XOR
220 2 1 230 231 232 AND
221 2 1 232 411 412 XOR
222 2 1 349 412 476 XOR
223 2 1 331 394 458 XOR
224 2 1 100 412 234 XOR
225 2 1 36 412 233 XOR
226 2 1 233 234 235 AND
227 2 1 235 412 413 XOR
228 2 1 350 413 477 XOR
229 2 1 330 393 457 XOR
230 2 1 101 413 237 XOR
231 2 1 37 413 236 XOR
232 2 1 236 237 238 AND
233 2 1 238 413 414 XOR
234 2 1 351 414 478 XOR
235 2 1 329 392 456 XOR
236 2 1 102 414 240 XOR
237 2 1 38 414 239 XOR
238 2 1 239 240 241 AND
239 2 1 241 414 415 XOR
240 2 1 328 391 455 XOR
241 2 1 39 415 242 XOR
242 2 1 352 415 479 XOR
243 2 1 327 390 454 XOR
244 2 1 103 415 243 XOR
245 2 1 242 243 244 AND
246 2 1 244 415 416 XOR
247 2 1 353 416 480 XOR
248 2 1 326 389 453 XOR
249 2 1 104 416 246 XOR
250 2 1 40 416 245 XOR
251 2 1 245 246 247 AND
252 2 1 247 416 417 XOR
253 2 1 354 417 481 XOR
254 2 1 325 388 452 XOR
255 2 1 105 417 249 XOR
256 2 1 41 417 248 XOR
257 2 1 248 249 250 AND
258 2 1 250 417 418 XOR
259 2 1 355 418 482 XOR
260 2 1 324 387 451 XOR
261 2 1 106 418 252 XOR
262 2 1 42 418 251 XOR
263 2 1 251 252 253 AND
264 2 1 253 418 419 XOR
265 2 1 323 386 450 XOR
266 2 1 43 419 254 XOR
267 2 1 356 419 483 XOR
268 2 1 322 385 449 XOR
269 2 1 107 419 255 XOR
270 2 1 254 255 256 AND
271 2 1 256 419 420 XOR
272 2 1 357 420 484 XOR
273 2 1 321 384 448 XOR
274 2 1 108 420 258 XOR
275 2 1 44 420 257 XOR
276 2 1 257 258 259 AND
277 2 1 259 420 421 XOR
278 2 1 358 421 485 XOR
279 2 1 320 383 447 XOR
280 2 1 109 421 261 XOR
281 2 1 45 421 260 XOR
282 2 1 260 261 262 AND
283 2 1 262 421 422 XOR
284 2 1 359 422 486 XOR
285 2 1 319 382 446 XOR
286 2 1 110 422 264 XOR
287 2 1 46 422 263 XOR
288 2 1 263 264 265 AND
289 2 1 265 422 423 XOR
290 2 1 318 381 445 XOR
291 2 1 47 423 266 XOR
292 2 1 360 423 487 XOR
293 2 1 317 380 444 XOR
294 2 1 111 423 267 XOR
295 2 1 266 267 268 AND
296 2 1 268 423 424 XOR
297 2 1 361 424 488 XOR
298 2 1 316 379 443 XOR
299 2 1 112 424 270 XOR
300 2 1 48 424 269 XOR
301 2 1 269 270 271 AND
302 2 1 271 424 425 XOR
303 2 1 362 425 489 XOR
304 2 1 315 378 442 XOR
305 2 1 113 425 273 XOR
306 2 1 49 425 272 XOR
307 2 1 272 273 274 AND
308 2 1 274 425 426 XOR
309 2 1 363 426 490 XOR
310 2 1 314 377 441 XOR
311 2 1 114 426 276 XOR
312 2 1 50 426 275 XOR
313 2 1 275 276 277 AND
314 2 1 277 426 427 XOR
315 2 1 115 427 279 XOR
316 2 1 51 427 278 XOR
317 2 1 278 279 280 AND
318 2 1 280 427 428 XOR
319 2 1 116 428 282 XOR
320 2 1 52 428 281 XOR
321 2 1 281 282 283 AND
322 2 1 283 428 429 XOR
323 2 1 117 429 285 XOR
324 2 1 53 429 284 XOR
325 2 1 284 285 286 AND
326 2 1 286 429 430 XOR
327 2 1 118 430 288 XOR
328 2 1 54 430 287 XOR
329 2 1 287 288 289 AND
330 2 1 289 430 431 XOR
331 2 1 119 431 291 XOR
332 2 1 55 431 290 XOR
333 2 1 290 291 292 AND
334 2 1 292 431 432 XOR
335 2 1 120 432 294 XOR
336 2 1 56 432 293 XOR
337 2 1 293 294 295 AND
338 2 1 295 432 433 XOR
339 2 1 370 433 497 XOR
340 2 1 121 433 297 XOR
341 2 1 57 433 296 XOR
342 2 1 296 297 298 AND
343 2 1 298 433 434 XOR
344 2 1 371 434 498 XOR
345 2 1 369 432 496 XOR
346 2 1 122 434 300 XOR
347 2 1 58 434 299 XOR
348 2 1 299 300 301 AND
349 2 1 301 434 435 XOR
350 2 1 372 435 499 XOR
351 2 1 368 431 495 XOR
352 2 1 123 435 303 XOR
353 2 1 59 435 302 XOR
354 2 1 302 303 304 AND
355 2 1 304 435 436 XOR
356 2 1 367 430 494 XOR
357 2 1 60 436 305 XOR
358 2 1 373 436 500 XOR
359 2 1 366 429 493 XOR
360 2 1 124 436 306 XOR
361 2 1 305 306 307 AND
362 2 1 307 436 437 XOR
363 2 1 374 437 501 XOR
364 2 1 365 428 492 XOR
365 2 1 125 437 309 XOR
366 2 1 61 437 308 XOR
367 2 1 308 309 310 AND
368 2 1 310 437 438 XOR
369 2 1 375 438 502 XOR
370 2 1 364 427 491 XOR
371 2 1 126 438 312 XOR
372 2 1 62 438 311 XOR
373 2 1 311 312 313 AND
374 2 1 313 438 439 XOR
375 2 1 376 439 503 XOR
